0.9476658476658477
0.9336065573770492
0.9224137931034483
0.9327586206896552
0.9925742574257426
0.9888613861386139
0.9238916256157635
0.9222493887530563
0.9963325183374083
0.9171149144254279
0.9483490566037736
0.9649532710280374
0.925916870415648
0.9109813084112149
1.0
0.9237163814180929
0.9187192118226601
0.950122249388753
0.9171149144254279
0.947429906542056
0.9317848410757946
0.9261083743842364
0.928117359413203
0.9963325183374083
0.9207823960880196
0.9594405594405594
0.925916870415648
0.9515892420537897
0.9181818181818182
0.9150246305418719
0.9408866995073891
